4.540000000000000000e+02,1.835000000000000000e+03,3.591000000000000000e+03
4.520000000000000000e+02,1.824000000000000000e+03,3.568000000000000000e+03
4.770000000000000000e+02,1.816000000000000000e+03,3.569000000000000000e+03
4.480000000000000000e+02,1.810000000000000000e+03,3.574000000000000000e+03
4.480000000000000000e+02,1.828000000000000000e+03,3.578000000000000000e+03
4.440000000000000000e+02,1.825000000000000000e+03,3.576000000000000000e+03
4.460000000000000000e+02,1.837000000000000000e+03,3.565000000000000000e+03
4.490000000000000000e+02,1.830000000000000000e+03,3.589000000000000000e+03
4.470000000000000000e+02,1.825000000000000000e+03,3.578000000000000000e+03
4.530000000000000000e+02,1.854000000000000000e+03,3.567000000000000000e+03
4.390000000000000000e+02,1.850000000000000000e+03,3.549000000000000000e+03
-2.710000000000000000e+02,2.857000000000000000e+03,2.862000000000000000e+03
-2.620000000000000000e+02,2.827000000000000000e+03,2.868000000000000000e+03
-2.470000000000000000e+02,2.834000000000000000e+03,2.864000000000000000e+03
-2.420000000000000000e+02,2.838000000000000000e+03,2.869000000000000000e+03
-2.230000000000000000e+02,2.837000000000000000e+03,2.898000000000000000e+03
-2.320000000000000000e+02,2.839000000000000000e+03,2.881000000000000000e+03
-2.380000000000000000e+02,2.823000000000000000e+03,2.846000000000000000e+03
-2.580000000000000000e+02,2.837000000000000000e+03,2.872000000000000000e+03
-2.210000000000000000e+02,2.848000000000000000e+03,2.866000000000000000e+03
-2.290000000000000000e+02,2.843000000000000000e+03,2.879000000000000000e+03
-2.290000000000000000e+02,2.854000000000000000e+03,2.854000000000000000e+03
-3.183000000000000000e+03,4.310000000000000000e+02,2.502000000000000000e+03
-3.231000000000000000e+03,4.410000000000000000e+02,2.509000000000000000e+03
-3.189000000000000000e+03,4.430000000000000000e+02,2.491000000000000000e+03
-3.202000000000000000e+03,4.190000000000000000e+02,2.506000000000000000e+03
-3.180000000000000000e+03,4.300000000000000000e+02,2.490000000000000000e+03
-3.206000000000000000e+03,4.290000000000000000e+02,2.516000000000000000e+03
-3.200000000000000000e+03,4.280000000000000000e+02,2.495000000000000000e+03
-3.192000000000000000e+03,4.310000000000000000e+02,2.499000000000000000e+03
-3.193000000000000000e+03,4.390000000000000000e+02,2.474000000000000000e+03
-3.201000000000000000e+03,4.500000000000000000e+02,2.514000000000000000e+03
-3.220000000000000000e+03,4.410000000000000000e+02,2.495000000000000000e+03
-3.952000000000000000e+03,1.220000000000000000e+02,1.099000000000000000e+03
-3.934000000000000000e+03,1.120000000000000000e+02,1.095000000000000000e+03
-3.951000000000000000e+03,1.060000000000000000e+02,1.115000000000000000e+03
-3.941000000000000000e+03,1.190000000000000000e+02,1.109000000000000000e+03
-3.984000000000000000e+03,1.030000000000000000e+02,1.096000000000000000e+03
-3.943000000000000000e+03,1.120000000000000000e+02,1.142000000000000000e+03
-3.952000000000000000e+03,1.140000000000000000e+02,1.094000000000000000e+03
-3.958000000000000000e+03,1.480000000000000000e+02,1.123000000000000000e+03
-3.932000000000000000e+03,1.070000000000000000e+02,1.119000000000000000e+03
-3.995000000000000000e+03,1.030000000000000000e+02,1.119000000000000000e+03
-3.887000000000000000e+03,1.110000000000000000e+02,1.075000000000000000e+03
-2.517000000000000000e+03,-1.924000000000000000e+03,2.570000000000000000e+03
-2.544000000000000000e+03,-1.935000000000000000e+03,2.573000000000000000e+03
-2.576000000000000000e+03,-1.965000000000000000e+03,2.580000000000000000e+03
-2.554000000000000000e+03,-1.941000000000000000e+03,2.570000000000000000e+03
-2.550000000000000000e+03,-1.940000000000000000e+03,2.582000000000000000e+03
-2.529000000000000000e+03,-1.945000000000000000e+03,2.579000000000000000e+03
-2.542000000000000000e+03,-1.950000000000000000e+03,2.596000000000000000e+03
-2.557000000000000000e+03,-1.953000000000000000e+03,2.573000000000000000e+03
-2.544000000000000000e+03,-1.931000000000000000e+03,2.563000000000000000e+03
-2.554000000000000000e+03,-1.977000000000000000e+03,2.547000000000000000e+03
-2.554000000000000000e+03,-1.941000000000000000e+03,2.569000000000000000e+03
-1.554000000000000000e+03,-2.873000000000000000e+03,2.490000000000000000e+03
-1.574000000000000000e+03,-2.883000000000000000e+03,2.474000000000000000e+03
-1.584000000000000000e+03,-2.879000000000000000e+03,2.499000000000000000e+03
-1.569000000000000000e+03,-2.901000000000000000e+03,2.489000000000000000e+03
-1.557000000000000000e+03,-2.897000000000000000e+03,2.486000000000000000e+03
-1.577000000000000000e+03,-2.878000000000000000e+03,2.493000000000000000e+03
-1.560000000000000000e+03,-2.887000000000000000e+03,2.477000000000000000e+03
-1.552000000000000000e+03,-2.897000000000000000e+03,2.482000000000000000e+03
-1.583000000000000000e+03,-2.887000000000000000e+03,2.490000000000000000e+03
-1.535000000000000000e+03,-2.875000000000000000e+03,2.510000000000000000e+03
-1.577000000000000000e+03,-2.906000000000000000e+03,2.490000000000000000e+03
1.170000000000000000e+03,-2.738000000000000000e+03,2.805000000000000000e+03
1.198000000000000000e+03,-2.697000000000000000e+03,2.911000000000000000e+03
1.136000000000000000e+03,-2.656000000000000000e+03,2.845000000000000000e+03
1.108000000000000000e+03,-2.716000000000000000e+03,2.894000000000000000e+03
1.120000000000000000e+03,-2.705000000000000000e+03,2.940000000000000000e+03
1.170000000000000000e+03,-2.685000000000000000e+03,2.864000000000000000e+03
1.157000000000000000e+03,-2.739000000000000000e+03,2.865000000000000000e+03
1.181000000000000000e+03,-2.716000000000000000e+03,2.841000000000000000e+03
1.179000000000000000e+03,-2.697000000000000000e+03,2.827000000000000000e+03
1.175000000000000000e+03,-2.718000000000000000e+03,2.852000000000000000e+03
1.170000000000000000e+03,-2.709000000000000000e+03,2.834000000000000000e+03
3.057000000000000000e+03,-1.875000000000000000e+03,1.962000000000000000e+03
3.057000000000000000e+03,-1.855000000000000000e+03,1.959000000000000000e+03
3.062000000000000000e+03,-1.880000000000000000e+03,1.975000000000000000e+03
3.076000000000000000e+03,-1.858000000000000000e+03,1.957000000000000000e+03
3.070000000000000000e+03,-1.864000000000000000e+03,1.964000000000000000e+03
3.055000000000000000e+03,-1.853000000000000000e+03,1.945000000000000000e+03
3.077000000000000000e+03,-1.858000000000000000e+03,1.964000000000000000e+03
3.037000000000000000e+03,-1.875000000000000000e+03,1.993000000000000000e+03
3.076000000000000000e+03,-1.885000000000000000e+03,1.965000000000000000e+03
3.048000000000000000e+03,-1.852000000000000000e+03,1.986000000000000000e+03
3.064000000000000000e+03,-1.849000000000000000e+03,1.989000000000000000e+03
3.057000000000000000e+03,2.187000000000000000e+03,1.461000000000000000e+03
3.031000000000000000e+03,2.188000000000000000e+03,1.430000000000000000e+03
3.055000000000000000e+03,2.192000000000000000e+03,1.478000000000000000e+03
3.051000000000000000e+03,2.222000000000000000e+03,1.449000000000000000e+03
3.058000000000000000e+03,2.212000000000000000e+03,1.450000000000000000e+03
3.050000000000000000e+03,2.205000000000000000e+03,1.464000000000000000e+03
3.034000000000000000e+03,2.180000000000000000e+03,1.449000000000000000e+03
3.078000000000000000e+03,2.193000000000000000e+03,1.478000000000000000e+03
3.021000000000000000e+03,2.172000000000000000e+03,1.437000000000000000e+03
3.047000000000000000e+03,2.193000000000000000e+03,1.460000000000000000e+03
3.058000000000000000e+03,2.200000000000000000e+03,1.458000000000000000e+03
1.552000000000000000e+03,3.604000000000000000e+03,9.640000000000000000e+02
1.510000000000000000e+03,3.604000000000000000e+03,9.700000000000000000e+02
1.525000000000000000e+03,3.608000000000000000e+03,9.730000000000000000e+02
1.554000000000000000e+03,3.591000000000000000e+03,9.740000000000000000e+02
1.527000000000000000e+03,3.597000000000000000e+03,9.730000000000000000e+02
1.534000000000000000e+03,3.609000000000000000e+03,9.710000000000000000e+02
1.500000000000000000e+03,3.610000000000000000e+03,9.640000000000000000e+02
1.495000000000000000e+03,3.609000000000000000e+03,9.810000000000000000e+02
1.476000000000000000e+03,3.624000000000000000e+03,9.710000000000000000e+02
1.520000000000000000e+03,3.609000000000000000e+03,9.680000000000000000e+02
1.496000000000000000e+03,3.615000000000000000e+03,9.700000000000000000e+02
3.850000000000000000e+02,3.989000000000000000e+03,4.190000000000000000e+02
3.560000000000000000e+02,4.018000000000000000e+03,4.020000000000000000e+02
3.930000000000000000e+02,3.982000000000000000e+03,4.230000000000000000e+02
3.660000000000000000e+02,4.021000000000000000e+03,4.130000000000000000e+02
3.690000000000000000e+02,4.003000000000000000e+03,4.030000000000000000e+02
4.050000000000000000e+02,4.005000000000000000e+03,4.170000000000000000e+02
3.730000000000000000e+02,3.995000000000000000e+03,4.180000000000000000e+02
3.810000000000000000e+02,4.021000000000000000e+03,4.230000000000000000e+02
3.940000000000000000e+02,3.990000000000000000e+03,4.170000000000000000e+02
3.940000000000000000e+02,3.986000000000000000e+03,4.260000000000000000e+02
3.790000000000000000e+02,4.016000000000000000e+03,4.270000000000000000e+02
-1.818000000000000000e+03,3.614000000000000000e+03,1.830000000000000000e+02
-1.804000000000000000e+03,3.633000000000000000e+03,1.990000000000000000e+02
-1.799000000000000000e+03,3.617000000000000000e+03,2.050000000000000000e+02
-1.830000000000000000e+03,3.635000000000000000e+03,1.970000000000000000e+02
-1.826000000000000000e+03,3.616000000000000000e+03,2.220000000000000000e+02
-1.818000000000000000e+03,3.618000000000000000e+03,1.920000000000000000e+02
-1.805000000000000000e+03,3.633000000000000000e+03,1.710000000000000000e+02
-1.848000000000000000e+03,3.631000000000000000e+03,2.070000000000000000e+02
-1.824000000000000000e+03,3.626000000000000000e+03,1.940000000000000000e+02
-1.845000000000000000e+03,3.626000000000000000e+03,2.080000000000000000e+02
-1.832000000000000000e+03,3.637000000000000000e+03,2.080000000000000000e+02
-3.514000000000000000e+03,2.003000000000000000e+03,5.330000000000000000e+02
-3.521000000000000000e+03,2.012000000000000000e+03,5.250000000000000000e+02
-3.517000000000000000e+03,2.004000000000000000e+03,5.270000000000000000e+02
-3.513000000000000000e+03,2.020000000000000000e+03,5.430000000000000000e+02
-3.472000000000000000e+03,2.004000000000000000e+03,5.180000000000000000e+02
-3.515000000000000000e+03,2.016000000000000000e+03,4.990000000000000000e+02
-3.495000000000000000e+03,2.012000000000000000e+03,5.270000000000000000e+02
-3.533000000000000000e+03,2.023000000000000000e+03,5.360000000000000000e+02
-3.499000000000000000e+03,2.012000000000000000e+03,5.150000000000000000e+02
-3.510000000000000000e+03,1.990000000000000000e+03,5.320000000000000000e+02
-3.496000000000000000e+03,2.023000000000000000e+03,5.280000000000000000e+02
-3.320000000000000000e+03,2.130000000000000000e+03,-1.124000000000000000e+03
-3.355000000000000000e+03,2.134000000000000000e+03,-1.114000000000000000e+03
-3.320000000000000000e+03,2.109000000000000000e+03,-1.103000000000000000e+03
-3.351000000000000000e+03,2.130000000000000000e+03,-1.122000000000000000e+03
-3.309000000000000000e+03,2.147000000000000000e+03,-1.127000000000000000e+03
-3.351000000000000000e+03,2.124000000000000000e+03,-1.093000000000000000e+03
-3.321000000000000000e+03,2.128000000000000000e+03,-1.108000000000000000e+03
-3.327000000000000000e+03,2.149000000000000000e+03,-1.115000000000000000e+03
-3.346000000000000000e+03,2.131000000000000000e+03,-1.118000000000000000e+03
-3.345000000000000000e+03,2.132000000000000000e+03,-1.117000000000000000e+03
-3.336000000000000000e+03,2.147000000000000000e+03,-1.113000000000000000e+03
-3.614000000000000000e+03,5.000000000000000000e+02,1.822000000000000000e+03
-3.611000000000000000e+03,4.870000000000000000e+02,1.828000000000000000e+03
-3.593000000000000000e+03,5.060000000000000000e+02,1.826000000000000000e+03
-3.640000000000000000e+03,5.080000000000000000e+02,1.819000000000000000e+03
-3.623000000000000000e+03,5.180000000000000000e+02,1.817000000000000000e+03
-3.657000000000000000e+03,5.270000000000000000e+02,1.816000000000000000e+03
-3.616000000000000000e+03,5.030000000000000000e+02,1.809000000000000000e+03
-3.639000000000000000e+03,5.040000000000000000e+02,1.832000000000000000e+03
-3.641000000000000000e+03,4.940000000000000000e+02,1.809000000000000000e+03
-3.630000000000000000e+03,4.880000000000000000e+02,1.807000000000000000e+03
-3.617000000000000000e+03,4.880000000000000000e+02,1.791000000000000000e+03
-4.066000000000000000e+03,-6.000000000000000000e+01,5.270000000000000000e+02
-4.066000000000000000e+03,-6.700000000000000000e+01,5.570000000000000000e+02
-4.079000000000000000e+03,-9.100000000000000000e+01,5.520000000000000000e+02
-4.068000000000000000e+03,-8.000000000000000000e+01,5.570000000000000000e+02
-4.058000000000000000e+03,-6.800000000000000000e+01,5.300000000000000000e+02
-4.074000000000000000e+03,-6.900000000000000000e+01,5.400000000000000000e+02
-4.078000000000000000e+03,-8.100000000000000000e+01,5.390000000000000000e+02
-4.108000000000000000e+03,-6.400000000000000000e+01,5.540000000000000000e+02
-4.078000000000000000e+03,-6.000000000000000000e+01,5.470000000000000000e+02
-4.090000000000000000e+03,-4.900000000000000000e+01,5.470000000000000000e+02
-4.065000000000000000e+03,-4.700000000000000000e+01,5.480000000000000000e+02
-3.998000000000000000e+03,-9.720000000000000000e+02,-8.500000000000000000e+01
-4.026000000000000000e+03,-9.730000000000000000e+02,-9.700000000000000000e+01
-4.017000000000000000e+03,-9.710000000000000000e+02,-5.800000000000000000e+01
-4.005000000000000000e+03,-9.690000000000000000e+02,-8.900000000000000000e+01
-4.035000000000000000e+03,-9.260000000000000000e+02,-8.200000000000000000e+01
-4.021000000000000000e+03,-9.490000000000000000e+02,-9.400000000000000000e+01
-4.036000000000000000e+03,-9.660000000000000000e+02,-8.600000000000000000e+01
-4.020000000000000000e+03,-9.740000000000000000e+02,-8.400000000000000000e+01
-4.027000000000000000e+03,-9.770000000000000000e+02,-8.600000000000000000e+01
-4.034000000000000000e+03,-9.660000000000000000e+02,-9.500000000000000000e+01
-4.014000000000000000e+03,-9.740000000000000000e+02,-7.600000000000000000e+01
-3.306000000000000000e+03,-2.308000000000000000e+03,8.850000000000000000e+02
-3.318000000000000000e+03,-2.267000000000000000e+03,8.880000000000000000e+02
-3.311000000000000000e+03,-2.287000000000000000e+03,9.030000000000000000e+02
-3.320000000000000000e+03,-2.270000000000000000e+03,8.800000000000000000e+02
-3.320000000000000000e+03,-2.270000000000000000e+03,9.050000000000000000e+02
-3.311000000000000000e+03,-2.298000000000000000e+03,9.070000000000000000e+02
-3.317000000000000000e+03,-2.284000000000000000e+03,9.000000000000000000e+02
-3.284000000000000000e+03,-2.296000000000000000e+03,8.890000000000000000e+02
-3.333000000000000000e+03,-2.303000000000000000e+03,8.980000000000000000e+02
-3.330000000000000000e+03,-2.282000000000000000e+03,9.080000000000000000e+02
-3.324000000000000000e+03,-2.292000000000000000e+03,8.860000000000000000e+02
-2.638000000000000000e+03,-2.902000000000000000e+03,1.347000000000000000e+03
-2.644000000000000000e+03,-2.860000000000000000e+03,1.353000000000000000e+03
-2.630000000000000000e+03,-2.906000000000000000e+03,1.346000000000000000e+03
-2.604000000000000000e+03,-2.890000000000000000e+03,1.320000000000000000e+03
-2.664000000000000000e+03,-2.878000000000000000e+03,1.366000000000000000e+03
-2.630000000000000000e+03,-2.913000000000000000e+03,1.363000000000000000e+03
-2.645000000000000000e+03,-2.863000000000000000e+03,1.350000000000000000e+03
-2.633000000000000000e+03,-2.889000000000000000e+03,1.375000000000000000e+03
-2.638000000000000000e+03,-2.894000000000000000e+03,1.344000000000000000e+03
-2.613000000000000000e+03,-2.884000000000000000e+03,1.339000000000000000e+03
-2.635000000000000000e+03,-2.885000000000000000e+03,1.348000000000000000e+03
-1.326000000000000000e+03,-2.700000000000000000e+03,2.812000000000000000e+03
-1.315000000000000000e+03,-2.721000000000000000e+03,2.771000000000000000e+03
-1.355000000000000000e+03,-2.727000000000000000e+03,2.776000000000000000e+03
-1.368000000000000000e+03,-2.716000000000000000e+03,2.776000000000000000e+03
-1.329000000000000000e+03,-2.717000000000000000e+03,2.788000000000000000e+03
-1.333000000000000000e+03,-2.713000000000000000e+03,2.759000000000000000e+03
-1.343000000000000000e+03,-2.727000000000000000e+03,2.785000000000000000e+03
-1.327000000000000000e+03,-2.715000000000000000e+03,2.765000000000000000e+03
-1.365000000000000000e+03,-2.728000000000000000e+03,2.788000000000000000e+03
-1.351000000000000000e+03,-2.734000000000000000e+03,2.760000000000000000e+03
-1.341000000000000000e+03,-2.735000000000000000e+03,2.768000000000000000e+03
4.600000000000000000e+02,-1.847000000000000000e+03,3.617000000000000000e+03
4.690000000000000000e+02,-1.850000000000000000e+03,3.622000000000000000e+03
4.790000000000000000e+02,-1.846000000000000000e+03,3.610000000000000000e+03
4.940000000000000000e+02,-1.833000000000000000e+03,3.644000000000000000e+03
4.650000000000000000e+02,-1.860000000000000000e+03,3.647000000000000000e+03
4.660000000000000000e+02,-1.833000000000000000e+03,3.633000000000000000e+03
4.560000000000000000e+02,-1.842000000000000000e+03,3.634000000000000000e+03
4.780000000000000000e+02,-1.835000000000000000e+03,3.624000000000000000e+03
4.840000000000000000e+02,-1.840000000000000000e+03,3.620000000000000000e+03
4.650000000000000000e+02,-1.876000000000000000e+03,3.649000000000000000e+03
4.620000000000000000e+02,-1.819000000000000000e+03,3.629000000000000000e+03
1.031000000000000000e+03,-5.500000000000000000e+02,3.921000000000000000e+03
1.021000000000000000e+03,-5.500000000000000000e+02,3.894000000000000000e+03
1.011000000000000000e+03,-5.570000000000000000e+02,3.902000000000000000e+03
1.008000000000000000e+03,-5.610000000000000000e+02,3.928000000000000000e+03
1.023000000000000000e+03,-5.320000000000000000e+02,3.903000000000000000e+03
1.040000000000000000e+03,-5.320000000000000000e+02,3.911000000000000000e+03
1.032000000000000000e+03,-5.550000000000000000e+02,3.883000000000000000e+03
1.026000000000000000e+03,-5.640000000000000000e+02,3.895000000000000000e+03
1.028000000000000000e+03,-5.310000000000000000e+02,3.888000000000000000e+03
1.030000000000000000e+03,-5.660000000000000000e+02,3.910000000000000000e+03
1.015000000000000000e+03,-5.240000000000000000e+02,3.884000000000000000e+03
1.775000000000000000e+03,1.443000000000000000e+03,3.344000000000000000e+03
1.778000000000000000e+03,1.425000000000000000e+03,3.317000000000000000e+03
1.753000000000000000e+03,1.420000000000000000e+03,3.344000000000000000e+03
1.790000000000000000e+03,1.442000000000000000e+03,3.339000000000000000e+03
1.757000000000000000e+03,1.431000000000000000e+03,3.361000000000000000e+03
1.760000000000000000e+03,1.426000000000000000e+03,3.339000000000000000e+03
1.760000000000000000e+03,1.418000000000000000e+03,3.348000000000000000e+03
1.791000000000000000e+03,1.427000000000000000e+03,3.317000000000000000e+03
1.779000000000000000e+03,1.404000000000000000e+03,3.349000000000000000e+03
1.796000000000000000e+03,1.437000000000000000e+03,3.343000000000000000e+03
1.772000000000000000e+03,1.441000000000000000e+03,3.363000000000000000e+03
-1.537000000000000000e+03,-6.500000000000000000e+01,3.802000000000000000e+03
-1.500000000000000000e+03,-4.000000000000000000e+01,3.770000000000000000e+03
-1.542000000000000000e+03,-6.300000000000000000e+01,3.792000000000000000e+03
-1.507000000000000000e+03,-3.500000000000000000e+01,3.774000000000000000e+03
-1.524000000000000000e+03,-4.600000000000000000e+01,3.800000000000000000e+03
-1.541000000000000000e+03,-5.500000000000000000e+01,3.767000000000000000e+03
-1.521000000000000000e+03,-4.900000000000000000e+01,3.783000000000000000e+03
-1.541000000000000000e+03,-5.500000000000000000e+01,3.776000000000000000e+03
-1.550000000000000000e+03,-6.800000000000000000e+01,3.776000000000000000e+03
-1.541000000000000000e+03,-8.000000000000000000e+01,3.781000000000000000e+03
-1.526000000000000000e+03,-2.200000000000000000e+01,3.785000000000000000e+03
-3.645000000000000000e+03,-4.170000000000000000e+02,1.862000000000000000e+03
-3.625000000000000000e+03,-4.410000000000000000e+02,1.883000000000000000e+03
-3.633000000000000000e+03,-4.000000000000000000e+02,1.900000000000000000e+03
-3.606000000000000000e+03,-4.520000000000000000e+02,1.892000000000000000e+03
-3.625000000000000000e+03,-4.430000000000000000e+02,1.842000000000000000e+03
-3.647000000000000000e+03,-4.300000000000000000e+02,1.874000000000000000e+03
-3.622000000000000000e+03,-4.210000000000000000e+02,1.866000000000000000e+03
-3.614000000000000000e+03,-4.200000000000000000e+02,1.890000000000000000e+03
-3.627000000000000000e+03,-4.440000000000000000e+02,1.866000000000000000e+03
-3.627000000000000000e+03,-4.270000000000000000e+02,1.877000000000000000e+03
-3.620000000000000000e+03,-4.310000000000000000e+02,1.878000000000000000e+03
-4.048000000000000000e+03,-6.390000000000000000e+02,-4.110000000000000000e+02
-4.074000000000000000e+03,-6.230000000000000000e+02,-4.150000000000000000e+02
-4.050000000000000000e+03,-6.320000000000000000e+02,-4.260000000000000000e+02
-4.081000000000000000e+03,-6.280000000000000000e+02,-4.100000000000000000e+02
-4.080000000000000000e+03,-6.380000000000000000e+02,-4.070000000000000000e+02
-4.073000000000000000e+03,-6.370000000000000000e+02,-4.330000000000000000e+02
-4.113000000000000000e+03,-6.200000000000000000e+02,-4.170000000000000000e+02
-4.074000000000000000e+03,-6.350000000000000000e+02,-4.350000000000000000e+02
-4.072000000000000000e+03,-6.400000000000000000e+02,-4.250000000000000000e+02
-4.064000000000000000e+03,-6.260000000000000000e+02,-4.060000000000000000e+02
-4.063000000000000000e+03,-6.500000000000000000e+02,-4.070000000000000000e+02
-1.029000000000000000e+03,3.000000000000000000e+01,-4.080000000000000000e+03
-1.043000000000000000e+03,2.000000000000000000e+00,-4.080000000000000000e+03
-1.036000000000000000e+03,1.100000000000000000e+01,-4.079000000000000000e+03
-1.004000000000000000e+03,1.600000000000000000e+01,-4.082000000000000000e+03
-1.016000000000000000e+03,1.500000000000000000e+01,-4.078000000000000000e+03
-1.027000000000000000e+03,2.700000000000000000e+01,-4.089000000000000000e+03
-1.021000000000000000e+03,1.000000000000000000e+01,-4.097000000000000000e+03
-1.046000000000000000e+03,1.100000000000000000e+01,-4.063000000000000000e+03
-1.017000000000000000e+03,1.800000000000000000e+01,-4.078000000000000000e+03
-1.035000000000000000e+03,2.400000000000000000e+01,-4.064000000000000000e+03
-1.009000000000000000e+03,2.100000000000000000e+01,-4.082000000000000000e+03
3.576000000000000000e+03,5.260000000000000000e+02,-1.941000000000000000e+03
3.580000000000000000e+03,5.290000000000000000e+02,-1.937000000000000000e+03
3.586000000000000000e+03,5.410000000000000000e+02,-1.946000000000000000e+03
3.555000000000000000e+03,5.520000000000000000e+02,-1.949000000000000000e+03
3.588000000000000000e+03,5.110000000000000000e+02,-1.952000000000000000e+03
3.558000000000000000e+03,5.140000000000000000e+02,-1.952000000000000000e+03
3.612000000000000000e+03,5.350000000000000000e+02,-1.969000000000000000e+03
3.592000000000000000e+03,5.350000000000000000e+02,-1.941000000000000000e+03
3.583000000000000000e+03,5.360000000000000000e+02,-1.928000000000000000e+03
3.570000000000000000e+03,5.340000000000000000e+02,-1.974000000000000000e+03
3.582000000000000000e+03,5.490000000000000000e+02,-1.925000000000000000e+03
3.254000000000000000e+03,2.133000000000000000e+03,-1.222000000000000000e+03
3.253000000000000000e+03,2.147000000000000000e+03,-1.209000000000000000e+03
3.255000000000000000e+03,2.162000000000000000e+03,-1.205000000000000000e+03
3.256000000000000000e+03,2.139000000000000000e+03,-1.191000000000000000e+03
3.248000000000000000e+03,2.134000000000000000e+03,-1.196000000000000000e+03
3.235000000000000000e+03,2.153000000000000000e+03,-1.205000000000000000e+03
3.246000000000000000e+03,2.145000000000000000e+03,-1.200000000000000000e+03
3.258000000000000000e+03,2.149000000000000000e+03,-1.213000000000000000e+03
3.232000000000000000e+03,2.162000000000000000e+03,-1.183000000000000000e+03
3.251000000000000000e+03,2.152000000000000000e+03,-1.191000000000000000e+03
3.257000000000000000e+03,2.165000000000000000e+03,-1.170000000000000000e+03
1.575000000000000000e+03,3.495000000000000000e+03,1.297000000000000000e+03
1.566000000000000000e+03,3.491000000000000000e+03,1.302000000000000000e+03
1.575000000000000000e+03,3.495000000000000000e+03,1.315000000000000000e+03
1.567000000000000000e+03,3.483000000000000000e+03,1.296000000000000000e+03
1.576000000000000000e+03,3.462000000000000000e+03,1.318000000000000000e+03
1.581000000000000000e+03,3.472000000000000000e+03,1.287000000000000000e+03
1.547000000000000000e+03,3.461000000000000000e+03,1.305000000000000000e+03
1.532000000000000000e+03,3.473000000000000000e+03,1.303000000000000000e+03
1.524000000000000000e+03,3.460000000000000000e+03,1.332000000000000000e+03
1.517000000000000000e+03,3.481000000000000000e+03,1.309000000000000000e+03
1.539000000000000000e+03,3.487000000000000000e+03,1.321000000000000000e+03
1.170000000000000000e+03,2.399000000000000000e+03,3.023000000000000000e+03
1.160000000000000000e+03,2.404000000000000000e+03,3.028000000000000000e+03
1.142000000000000000e+03,2.390000000000000000e+03,3.043000000000000000e+03
1.162000000000000000e+03,2.389000000000000000e+03,3.069000000000000000e+03
1.166000000000000000e+03,2.405000000000000000e+03,3.042000000000000000e+03
1.168000000000000000e+03,2.366000000000000000e+03,3.046000000000000000e+03
1.161000000000000000e+03,2.400000000000000000e+03,3.050000000000000000e+03
1.149000000000000000e+03,2.383000000000000000e+03,3.032000000000000000e+03
1.162000000000000000e+03,2.381000000000000000e+03,3.047000000000000000e+03
1.155000000000000000e+03,2.369000000000000000e+03,3.046000000000000000e+03
1.164000000000000000e+03,2.406000000000000000e+03,3.040000000000000000e+03
-8.720000000000000000e+02,1.289000000000000000e+03,3.727000000000000000e+03
-8.690000000000000000e+02,1.302000000000000000e+03,3.737000000000000000e+03
-8.600000000000000000e+02,1.307000000000000000e+03,3.736000000000000000e+03
-8.580000000000000000e+02,1.320000000000000000e+03,3.730000000000000000e+03
-8.950000000000000000e+02,1.298000000000000000e+03,3.757000000000000000e+03
-8.960000000000000000e+02,1.295000000000000000e+03,3.761000000000000000e+03
-8.710000000000000000e+02,1.306000000000000000e+03,3.733000000000000000e+03
-8.870000000000000000e+02,1.289000000000000000e+03,3.748000000000000000e+03
-8.720000000000000000e+02,1.306000000000000000e+03,3.749000000000000000e+03
-8.990000000000000000e+02,1.297000000000000000e+03,3.732000000000000000e+03
-8.660000000000000000e+02,1.321000000000000000e+03,3.742000000000000000e+03
-3.980000000000000000e+02,-1.130000000000000000e+02,4.058000000000000000e+03
-4.070000000000000000e+02,-1.470000000000000000e+02,4.057000000000000000e+03
-4.250000000000000000e+02,-1.370000000000000000e+02,4.069000000000000000e+03
-4.350000000000000000e+02,-1.480000000000000000e+02,4.069000000000000000e+03
-4.270000000000000000e+02,-1.270000000000000000e+02,4.048000000000000000e+03
-4.090000000000000000e+02,-1.270000000000000000e+02,4.058000000000000000e+03
-4.170000000000000000e+02,-1.410000000000000000e+02,4.064000000000000000e+03
-4.260000000000000000e+02,-1.530000000000000000e+02,4.029000000000000000e+03
-4.320000000000000000e+02,-1.450000000000000000e+02,4.047000000000000000e+03
-4.470000000000000000e+02,-1.240000000000000000e+02,4.058000000000000000e+03
-4.150000000000000000e+02,-1.510000000000000000e+02,4.058000000000000000e+03
-2.990000000000000000e+02,-1.805000000000000000e+03,3.676000000000000000e+03
-3.100000000000000000e+02,-1.805000000000000000e+03,3.644000000000000000e+03
-3.130000000000000000e+02,-1.789000000000000000e+03,3.675000000000000000e+03
-3.130000000000000000e+02,-1.812000000000000000e+03,3.655000000000000000e+03
-3.290000000000000000e+02,-1.819000000000000000e+03,3.668000000000000000e+03
-3.390000000000000000e+02,-1.819000000000000000e+03,3.653000000000000000e+03
-3.360000000000000000e+02,-1.796000000000000000e+03,3.690000000000000000e+03
-3.260000000000000000e+02,-1.813000000000000000e+03,3.668000000000000000e+03
-3.310000000000000000e+02,-1.799000000000000000e+03,3.666000000000000000e+03
-3.080000000000000000e+02,-1.790000000000000000e+03,3.680000000000000000e+03
-3.150000000000000000e+02,-1.819000000000000000e+03,3.679000000000000000e+03
1.980000000000000000e+03,-1.213000000000000000e+03,3.356000000000000000e+03
1.979000000000000000e+03,-1.216000000000000000e+03,3.353000000000000000e+03
1.971000000000000000e+03,-1.201000000000000000e+03,3.339000000000000000e+03
1.981000000000000000e+03,-1.181000000000000000e+03,3.369000000000000000e+03
1.997000000000000000e+03,-1.208000000000000000e+03,3.325000000000000000e+03
2.001000000000000000e+03,-1.213000000000000000e+03,3.350000000000000000e+03
2.002000000000000000e+03,-1.198000000000000000e+03,3.364000000000000000e+03
2.000000000000000000e+03,-1.235000000000000000e+03,3.335000000000000000e+03
1.994000000000000000e+03,-1.230000000000000000e+03,3.347000000000000000e+03
2.016000000000000000e+03,-1.223000000000000000e+03,3.319000000000000000e+03
2.010000000000000000e+03,-1.242000000000000000e+03,3.356000000000000000e+03
-2.584000000000000000e+03,-1.997000000000000000e+03,2.500000000000000000e+03
-2.572000000000000000e+03,-1.985000000000000000e+03,2.500000000000000000e+03
-2.583000000000000000e+03,-1.969000000000000000e+03,2.513000000000000000e+03
-2.601000000000000000e+03,-1.991000000000000000e+03,2.506000000000000000e+03
-2.602000000000000000e+03,-1.990000000000000000e+03,2.489000000000000000e+03
-2.617000000000000000e+03,-1.985000000000000000e+03,2.501000000000000000e+03
-2.589000000000000000e+03,-1.971000000000000000e+03,2.490000000000000000e+03
-2.614000000000000000e+03,-1.983000000000000000e+03,2.507000000000000000e+03
-2.606000000000000000e+03,-1.984000000000000000e+03,2.504000000000000000e+03
-2.587000000000000000e+03,-1.977000000000000000e+03,2.497000000000000000e+03
-2.605000000000000000e+03,-1.970000000000000000e+03,2.488000000000000000e+03
-3.238000000000000000e+03,1.370000000000000000e+02,2.454000000000000000e+03
-3.254000000000000000e+03,1.340000000000000000e+02,2.456000000000000000e+03
-3.269000000000000000e+03,1.170000000000000000e+02,2.457000000000000000e+03
-3.279000000000000000e+03,1.520000000000000000e+02,2.439000000000000000e+03
-3.291000000000000000e+03,1.620000000000000000e+02,2.435000000000000000e+03
-3.252000000000000000e+03,1.740000000000000000e+02,2.457000000000000000e+03
-3.259000000000000000e+03,1.680000000000000000e+02,2.446000000000000000e+03
-3.253000000000000000e+03,1.700000000000000000e+02,2.452000000000000000e+03
-3.258000000000000000e+03,1.460000000000000000e+02,2.450000000000000000e+03
-3.241000000000000000e+03,1.610000000000000000e+02,2.449000000000000000e+03
-3.269000000000000000e+03,1.480000000000000000e+02,2.453000000000000000e+03
-9.800000000000000000e+02,-3.320000000000000000e+02,3.952000000000000000e+03
-9.900000000000000000e+02,-3.300000000000000000e+02,3.969000000000000000e+03
-9.840000000000000000e+02,-3.150000000000000000e+02,3.971000000000000000e+03
-1.002000000000000000e+03,-3.720000000000000000e+02,3.969000000000000000e+03
-9.640000000000000000e+02,-3.260000000000000000e+02,3.948000000000000000e+03
-9.970000000000000000e+02,-3.460000000000000000e+02,3.939000000000000000e+03
-9.860000000000000000e+02,-3.140000000000000000e+02,3.944000000000000000e+03
-9.840000000000000000e+02,-3.190000000000000000e+02,3.953000000000000000e+03
-1.001000000000000000e+03,-3.250000000000000000e+02,3.953000000000000000e+03
-9.710000000000000000e+02,-3.340000000000000000e+02,3.961000000000000000e+03
-9.590000000000000000e+02,-3.190000000000000000e+02,3.947000000000000000e+03
-3.730000000000000000e+03,2.190000000000000000e+02,1.671000000000000000e+03
-3.737000000000000000e+03,2.010000000000000000e+02,1.700000000000000000e+03
-3.720000000000000000e+03,2.360000000000000000e+02,1.672000000000000000e+03
-3.737000000000000000e+03,2.200000000000000000e+02,1.682000000000000000e+03
-3.706000000000000000e+03,2.270000000000000000e+02,1.683000000000000000e+03
-3.727000000000000000e+03,2.320000000000000000e+02,1.691000000000000000e+03
-3.725000000000000000e+03,2.240000000000000000e+02,1.674000000000000000e+03
-3.714000000000000000e+03,2.320000000000000000e+02,1.683000000000000000e+03
-3.697000000000000000e+03,2.200000000000000000e+02,1.684000000000000000e+03
-3.710000000000000000e+03,2.170000000000000000e+02,1.657000000000000000e+03
-3.720000000000000000e+03,2.250000000000000000e+02,1.679000000000000000e+03
-2.906000000000000000e+03,1.000000000000000000e+00,2.899000000000000000e+03
-2.911000000000000000e+03,9.000000000000000000e+00,2.885000000000000000e+03
-2.900000000000000000e+03,-4.000000000000000000e+00,2.871000000000000000e+03
-2.881000000000000000e+03,2.000000000000000000e+00,2.896000000000000000e+03
-2.896000000000000000e+03,2.800000000000000000e+01,2.891000000000000000e+03
-2.881000000000000000e+03,2.200000000000000000e+01,2.883000000000000000e+03
-2.921000000000000000e+03,1.200000000000000000e+01,2.895000000000000000e+03
-2.851000000000000000e+03,2.700000000000000000e+01,2.889000000000000000e+03
-2.875000000000000000e+03,3.000000000000000000e+01,2.878000000000000000e+03
-2.895000000000000000e+03,9.000000000000000000e+00,2.877000000000000000e+03
-2.872000000000000000e+03,8.000000000000000000e+00,2.881000000000000000e+03
-1.517000000000000000e+03,-1.795000000000000000e+03,3.358000000000000000e+03
-1.527000000000000000e+03,-1.781000000000000000e+03,3.379000000000000000e+03
-1.520000000000000000e+03,-1.781000000000000000e+03,3.372000000000000000e+03
-1.527000000000000000e+03,-1.790000000000000000e+03,3.362000000000000000e+03
-1.526000000000000000e+03,-1.786000000000000000e+03,3.371000000000000000e+03
-1.504000000000000000e+03,-1.773000000000000000e+03,3.367000000000000000e+03
-1.524000000000000000e+03,-1.789000000000000000e+03,3.367000000000000000e+03
-1.504000000000000000e+03,-1.784000000000000000e+03,3.369000000000000000e+03
-1.510000000000000000e+03,-1.795000000000000000e+03,3.381000000000000000e+03
-1.520000000000000000e+03,-1.804000000000000000e+03,3.369000000000000000e+03
-1.515000000000000000e+03,-1.801000000000000000e+03,3.355000000000000000e+03
2.840000000000000000e+02,-1.379000000000000000e+03,3.844000000000000000e+03
2.930000000000000000e+02,-1.386000000000000000e+03,3.846000000000000000e+03
2.940000000000000000e+02,-1.358000000000000000e+03,3.841000000000000000e+03
2.750000000000000000e+02,-1.381000000000000000e+03,3.837000000000000000e+03
2.780000000000000000e+02,-1.402000000000000000e+03,3.828000000000000000e+03
2.710000000000000000e+02,-1.384000000000000000e+03,3.850000000000000000e+03
2.820000000000000000e+02,-1.374000000000000000e+03,3.832000000000000000e+03
2.680000000000000000e+02,-1.394000000000000000e+03,3.848000000000000000e+03
2.410000000000000000e+02,-1.382000000000000000e+03,3.837000000000000000e+03
2.680000000000000000e+02,-1.388000000000000000e+03,3.853000000000000000e+03
2.900000000000000000e+02,-1.391000000000000000e+03,3.848000000000000000e+03
4.680000000000000000e+02,1.781000000000000000e+03,3.604000000000000000e+03
4.460000000000000000e+02,1.799000000000000000e+03,3.620000000000000000e+03
4.680000000000000000e+02,1.778000000000000000e+03,3.607000000000000000e+03
4.670000000000000000e+02,1.775000000000000000e+03,3.622000000000000000e+03
4.710000000000000000e+02,1.806000000000000000e+03,3.612000000000000000e+03
4.590000000000000000e+02,1.795000000000000000e+03,3.604000000000000000e+03
4.400000000000000000e+02,1.797000000000000000e+03,3.611000000000000000e+03
4.510000000000000000e+02,1.799000000000000000e+03,3.604000000000000000e+03
4.690000000000000000e+02,1.787000000000000000e+03,3.615000000000000000e+03
4.410000000000000000e+02,1.781000000000000000e+03,3.614000000000000000e+03
4.540000000000000000e+02,1.779000000000000000e+03,3.616000000000000000e+03
9.110000000000000000e+02,2.957000000000000000e+03,2.594000000000000000e+03
8.870000000000000000e+02,2.944000000000000000e+03,2.576000000000000000e+03
8.960000000000000000e+02,2.970000000000000000e+03,2.608000000000000000e+03
8.910000000000000000e+02,2.948000000000000000e+03,2.607000000000000000e+03
8.830000000000000000e+02,2.944000000000000000e+03,2.577000000000000000e+03
8.850000000000000000e+02,2.931000000000000000e+03,2.593000000000000000e+03
8.760000000000000000e+02,2.950000000000000000e+03,2.606000000000000000e+03
8.800000000000000000e+02,2.939000000000000000e+03,2.600000000000000000e+03
9.050000000000000000e+02,2.965000000000000000e+03,2.593000000000000000e+03
8.920000000000000000e+02,2.951000000000000000e+03,2.592000000000000000e+03
9.040000000000000000e+02,2.975000000000000000e+03,2.601000000000000000e+03
8.490000000000000000e+02,3.787000000000000000e+03,1.052000000000000000e+03
8.610000000000000000e+02,3.798000000000000000e+03,1.056000000000000000e+03
8.310000000000000000e+02,3.786000000000000000e+03,1.039000000000000000e+03
8.390000000000000000e+02,3.795000000000000000e+03,1.032000000000000000e+03
8.300000000000000000e+02,3.811000000000000000e+03,1.039000000000000000e+03
8.440000000000000000e+02,3.809000000000000000e+03,1.045000000000000000e+03
8.540000000000000000e+02,3.796000000000000000e+03,1.040000000000000000e+03
8.510000000000000000e+02,3.824000000000000000e+03,1.034000000000000000e+03
8.390000000000000000e+02,3.787000000000000000e+03,1.039000000000000000e+03
8.200000000000000000e+02,3.788000000000000000e+03,1.034000000000000000e+03
8.360000000000000000e+02,3.788000000000000000e+03,1.041000000000000000e+03
2.645000000000000000e+03,3.045000000000000000e+03,3.990000000000000000e+02
2.658000000000000000e+03,3.037000000000000000e+03,4.050000000000000000e+02
2.663000000000000000e+03,3.027000000000000000e+03,4.110000000000000000e+02
2.627000000000000000e+03,3.019000000000000000e+03,4.150000000000000000e+02
2.636000000000000000e+03,3.007000000000000000e+03,4.380000000000000000e+02
2.655000000000000000e+03,3.027000000000000000e+03,4.210000000000000000e+02
2.643000000000000000e+03,3.015000000000000000e+03,4.260000000000000000e+02
2.633000000000000000e+03,3.040000000000000000e+03,4.150000000000000000e+02
2.663000000000000000e+03,3.043000000000000000e+03,3.990000000000000000e+02
2.659000000000000000e+03,3.024000000000000000e+03,4.120000000000000000e+02
2.677000000000000000e+03,3.039000000000000000e+03,3.890000000000000000e+02
3.713000000000000000e+03,1.630000000000000000e+03,2.220000000000000000e+02
3.708000000000000000e+03,1.612000000000000000e+03,2.110000000000000000e+02
3.741000000000000000e+03,1.616000000000000000e+03,2.050000000000000000e+02
3.722000000000000000e+03,1.589000000000000000e+03,2.010000000000000000e+02
3.721000000000000000e+03,1.609000000000000000e+03,2.000000000000000000e+02
3.704000000000000000e+03,1.617000000000000000e+03,2.030000000000000000e+02
3.722000000000000000e+03,1.612000000000000000e+03,2.140000000000000000e+02
3.722000000000000000e+03,1.611000000000000000e+03,2.070000000000000000e+02
3.717000000000000000e+03,1.635000000000000000e+03,2.090000000000000000e+02
3.718000000000000000e+03,1.633000000000000000e+03,2.050000000000000000e+02
3.713000000000000000e+03,1.612000000000000000e+03,2.150000000000000000e+02
4.020000000000000000e+03,-7.100000000000000000e+02,-1.570000000000000000e+02
4.031000000000000000e+03,-7.230000000000000000e+02,-1.390000000000000000e+02
4.044000000000000000e+03,-6.850000000000000000e+02,-1.540000000000000000e+02
4.016000000000000000e+03,-7.140000000000000000e+02,-1.500000000000000000e+02
4.041000000000000000e+03,-7.110000000000000000e+02,-1.290000000000000000e+02
4.019000000000000000e+03,-7.370000000000000000e+02,-1.280000000000000000e+02
4.034000000000000000e+03,-7.020000000000000000e+02,-1.470000000000000000e+02
4.035000000000000000e+03,-7.120000000000000000e+02,-1.260000000000000000e+02
3.991000000000000000e+03,-7.160000000000000000e+02,-1.290000000000000000e+02
4.036000000000000000e+03,-6.930000000000000000e+02,-1.480000000000000000e+02
4.032000000000000000e+03,-7.200000000000000000e+02,-1.250000000000000000e+02
2.382000000000000000e+03,-3.255000000000000000e+03,8.330000000000000000e+02
2.376000000000000000e+03,-3.255000000000000000e+03,8.600000000000000000e+02
2.383000000000000000e+03,-3.232000000000000000e+03,8.450000000000000000e+02
2.400000000000000000e+03,-3.228000000000000000e+03,8.520000000000000000e+02
2.400000000000000000e+03,-3.260000000000000000e+03,8.480000000000000000e+02
2.389000000000000000e+03,-3.247000000000000000e+03,8.410000000000000000e+02
2.400000000000000000e+03,-3.269000000000000000e+03,8.530000000000000000e+02
2.391000000000000000e+03,-3.222000000000000000e+03,8.450000000000000000e+02
2.387000000000000000e+03,-3.244000000000000000e+03,8.510000000000000000e+02
2.363000000000000000e+03,-3.236000000000000000e+03,8.500000000000000000e+02
2.391000000000000000e+03,-3.254000000000000000e+03,8.690000000000000000e+02
2.328000000000000000e+03,8.430000000000000000e+02,3.235000000000000000e+03
2.297000000000000000e+03,7.780000000000000000e+02,3.198000000000000000e+03
2.334000000000000000e+03,8.380000000000000000e+02,3.204000000000000000e+03
2.311000000000000000e+03,8.180000000000000000e+02,3.236000000000000000e+03
2.317000000000000000e+03,8.040000000000000000e+02,3.224000000000000000e+03
2.302000000000000000e+03,8.170000000000000000e+02,3.205000000000000000e+03
2.325000000000000000e+03,8.350000000000000000e+02,3.210000000000000000e+03
2.300000000000000000e+03,8.150000000000000000e+02,3.223000000000000000e+03
2.328000000000000000e+03,8.270000000000000000e+02,3.218000000000000000e+03
2.321000000000000000e+03,8.210000000000000000e+02,3.215000000000000000e+03
2.334000000000000000e+03,8.270000000000000000e+02,3.251000000000000000e+03
1.408000000000000000e+03,2.862000000000000000e+03,2.492000000000000000e+03
1.372000000000000000e+03,2.852000000000000000e+03,2.473000000000000000e+03
1.339000000000000000e+03,2.868000000000000000e+03,2.491000000000000000e+03
1.378000000000000000e+03,2.848000000000000000e+03,2.480000000000000000e+03
1.359000000000000000e+03,2.882000000000000000e+03,2.481000000000000000e+03
1.370000000000000000e+03,2.884000000000000000e+03,2.480000000000000000e+03
1.367000000000000000e+03,2.869000000000000000e+03,2.478000000000000000e+03
1.381000000000000000e+03,2.877000000000000000e+03,2.483000000000000000e+03
1.388000000000000000e+03,2.866000000000000000e+03,2.467000000000000000e+03
1.356000000000000000e+03,2.860000000000000000e+03,2.477000000000000000e+03
1.385000000000000000e+03,2.858000000000000000e+03,2.492000000000000000e+03
7.050000000000000000e+02,3.814000000000000000e+03,1.148000000000000000e+03
6.970000000000000000e+02,3.792000000000000000e+03,1.162000000000000000e+03
6.880000000000000000e+02,3.808000000000000000e+03,1.138000000000000000e+03
6.980000000000000000e+02,3.810000000000000000e+03,1.151000000000000000e+03
6.960000000000000000e+02,3.813000000000000000e+03,1.137000000000000000e+03
7.010000000000000000e+02,3.791000000000000000e+03,1.139000000000000000e+03
6.920000000000000000e+02,3.812000000000000000e+03,1.152000000000000000e+03
6.810000000000000000e+02,3.810000000000000000e+03,1.162000000000000000e+03
6.800000000000000000e+02,3.810000000000000000e+03,1.127000000000000000e+03
6.860000000000000000e+02,3.790000000000000000e+03,1.151000000000000000e+03
6.860000000000000000e+02,3.794000000000000000e+03,1.149000000000000000e+03
-8.340000000000000000e+02,3.967000000000000000e+03,2.320000000000000000e+02
-8.310000000000000000e+02,3.971000000000000000e+03,2.430000000000000000e+02
-8.290000000000000000e+02,3.946000000000000000e+03,2.320000000000000000e+02
-8.520000000000000000e+02,3.931000000000000000e+03,2.410000000000000000e+02
-8.370000000000000000e+02,3.982000000000000000e+03,2.570000000000000000e+02
-8.340000000000000000e+02,3.946000000000000000e+03,2.400000000000000000e+02
-8.350000000000000000e+02,3.955000000000000000e+03,2.400000000000000000e+02
-8.320000000000000000e+02,3.939000000000000000e+03,2.380000000000000000e+02
-8.290000000000000000e+02,3.945000000000000000e+03,2.190000000000000000e+02
-8.440000000000000000e+02,3.969000000000000000e+03,2.380000000000000000e+02
-8.450000000000000000e+02,3.958000000000000000e+03,2.350000000000000000e+02
-3.482000000000000000e+03,1.627000000000000000e+03,1.369000000000000000e+03
-3.512000000000000000e+03,1.618000000000000000e+03,1.364000000000000000e+03
-3.493000000000000000e+03,1.598000000000000000e+03,1.344000000000000000e+03
-3.487000000000000000e+03,1.611000000000000000e+03,1.371000000000000000e+03
-3.474000000000000000e+03,1.611000000000000000e+03,1.345000000000000000e+03
-3.487000000000000000e+03,1.632000000000000000e+03,1.375000000000000000e+03
-3.498000000000000000e+03,1.610000000000000000e+03,1.354000000000000000e+03
-3.463000000000000000e+03,1.632000000000000000e+03,1.379000000000000000e+03
-3.477000000000000000e+03,1.580000000000000000e+03,1.375000000000000000e+03
-3.470000000000000000e+03,1.587000000000000000e+03,1.343000000000000000e+03
-3.478000000000000000e+03,1.628000000000000000e+03,1.358000000000000000e+03
-3.279000000000000000e+03,5.170000000000000000e+02,2.413000000000000000e+03
-3.255000000000000000e+03,5.300000000000000000e+02,2.392000000000000000e+03
-3.272000000000000000e+03,5.120000000000000000e+02,2.380000000000000000e+03
-3.283000000000000000e+03,4.920000000000000000e+02,2.395000000000000000e+03
-3.275000000000000000e+03,5.110000000000000000e+02,2.413000000000000000e+03
-3.260000000000000000e+03,4.980000000000000000e+02,2.384000000000000000e+03
-3.284000000000000000e+03,5.070000000000000000e+02,2.394000000000000000e+03
-3.276000000000000000e+03,5.290000000000000000e+02,2.383000000000000000e+03
-3.267000000000000000e+03,4.740000000000000000e+02,2.400000000000000000e+03
-3.244000000000000000e+03,5.130000000000000000e+02,2.377000000000000000e+03
-3.286000000000000000e+03,5.150000000000000000e+02,2.405000000000000000e+03
-1.484000000000000000e+03,-4.150000000000000000e+02,3.831000000000000000e+03
-1.485000000000000000e+03,-4.410000000000000000e+02,3.762000000000000000e+03
-1.495000000000000000e+03,-3.790000000000000000e+02,3.820000000000000000e+03
-1.453000000000000000e+03,-4.020000000000000000e+02,3.777000000000000000e+03
-1.450000000000000000e+03,-3.810000000000000000e+02,3.803000000000000000e+03
-1.450000000000000000e+03,-3.800000000000000000e+02,3.760000000000000000e+03
-1.447000000000000000e+03,-3.720000000000000000e+02,3.811000000000000000e+03
-1.451000000000000000e+03,-4.130000000000000000e+02,3.823000000000000000e+03
-1.455000000000000000e+03,-4.240000000000000000e+02,3.773000000000000000e+03
-1.517000000000000000e+03,-4.000000000000000000e+02,3.804000000000000000e+03
-1.497000000000000000e+03,-4.010000000000000000e+02,3.783000000000000000e+03
1.440000000000000000e+02,-1.473000000000000000e+03,3.842000000000000000e+03
1.560000000000000000e+02,-1.498000000000000000e+03,3.821000000000000000e+03
1.670000000000000000e+02,-1.463000000000000000e+03,3.815000000000000000e+03
1.550000000000000000e+02,-1.495000000000000000e+03,3.824000000000000000e+03
1.560000000000000000e+02,-1.482000000000000000e+03,3.834000000000000000e+03
1.600000000000000000e+02,-1.472000000000000000e+03,3.815000000000000000e+03
1.590000000000000000e+02,-1.491000000000000000e+03,3.814000000000000000e+03
1.660000000000000000e+02,-1.479000000000000000e+03,3.811000000000000000e+03
1.590000000000000000e+02,-1.480000000000000000e+03,3.790000000000000000e+03
1.680000000000000000e+02,-1.489000000000000000e+03,3.815000000000000000e+03
1.740000000000000000e+02,-1.507000000000000000e+03,3.820000000000000000e+03
5.990000000000000000e+02,9.520000000000000000e+02,3.902000000000000000e+03
5.910000000000000000e+02,9.680000000000000000e+02,3.887000000000000000e+03
5.950000000000000000e+02,9.480000000000000000e+02,3.893000000000000000e+03
5.740000000000000000e+02,9.470000000000000000e+02,3.891000000000000000e+03
5.860000000000000000e+02,9.540000000000000000e+02,3.893000000000000000e+03
5.910000000000000000e+02,9.640000000000000000e+02,3.926000000000000000e+03
5.750000000000000000e+02,9.630000000000000000e+02,3.885000000000000000e+03
5.960000000000000000e+02,9.490000000000000000e+02,3.899000000000000000e+03
5.820000000000000000e+02,9.710000000000000000e+02,3.894000000000000000e+03
5.930000000000000000e+02,9.330000000000000000e+02,3.906000000000000000e+03
6.280000000000000000e+02,9.530000000000000000e+02,3.900000000000000000e+03
5.600000000000000000e+02,2.963000000000000000e+03,2.722000000000000000e+03
5.290000000000000000e+02,2.956000000000000000e+03,2.726000000000000000e+03
5.730000000000000000e+02,2.927000000000000000e+03,2.745000000000000000e+03
5.580000000000000000e+02,2.949000000000000000e+03,2.714000000000000000e+03
5.650000000000000000e+02,2.929000000000000000e+03,2.716000000000000000e+03
5.550000000000000000e+02,2.932000000000000000e+03,2.739000000000000000e+03
5.540000000000000000e+02,2.944000000000000000e+03,2.735000000000000000e+03
5.540000000000000000e+02,2.932000000000000000e+03,2.700000000000000000e+03
5.530000000000000000e+02,2.912000000000000000e+03,2.722000000000000000e+03
5.410000000000000000e+02,2.923000000000000000e+03,2.738000000000000000e+03
5.460000000000000000e+02,2.928000000000000000e+03,2.739000000000000000e+03
2.710000000000000000e+02,1.380000000000000000e+02,4.062000000000000000e+03
2.580000000000000000e+02,1.540000000000000000e+02,4.063000000000000000e+03
2.690000000000000000e+02,1.470000000000000000e+02,4.066000000000000000e+03
2.730000000000000000e+02,1.510000000000000000e+02,4.076000000000000000e+03
2.800000000000000000e+02,1.730000000000000000e+02,4.065000000000000000e+03
2.590000000000000000e+02,1.530000000000000000e+02,4.061000000000000000e+03
2.520000000000000000e+02,1.210000000000000000e+02,4.053000000000000000e+03
2.660000000000000000e+02,1.330000000000000000e+02,4.058000000000000000e+03
2.620000000000000000e+02,1.740000000000000000e+02,4.066000000000000000e+03
2.940000000000000000e+02,1.460000000000000000e+02,4.066000000000000000e+03
2.360000000000000000e+02,1.730000000000000000e+02,4.057000000000000000e+03
3.410000000000000000e+02,-2.017000000000000000e+03,3.565000000000000000e+03
3.220000000000000000e+02,-2.021000000000000000e+03,3.553000000000000000e+03
3.530000000000000000e+02,-2.024000000000000000e+03,3.572000000000000000e+03
3.350000000000000000e+02,-2.001000000000000000e+03,3.562000000000000000e+03
3.430000000000000000e+02,-2.020000000000000000e+03,3.543000000000000000e+03
3.500000000000000000e+02,-2.041000000000000000e+03,3.547000000000000000e+03
3.460000000000000000e+02,-2.020000000000000000e+03,3.569000000000000000e+03
3.480000000000000000e+02,-2.013000000000000000e+03,3.545000000000000000e+03
3.330000000000000000e+02,-2.042000000000000000e+03,3.560000000000000000e+03
3.600000000000000000e+02,-2.011000000000000000e+03,3.564000000000000000e+03
3.340000000000000000e+02,-2.006000000000000000e+03,3.539000000000000000e+03
1.800000000000000000e+01,-3.311000000000000000e+03,2.422000000000000000e+03
4.300000000000000000e+01,-3.360000000000000000e+03,2.389000000000000000e+03
5.000000000000000000e+01,-3.321000000000000000e+03,2.415000000000000000e+03
2.900000000000000000e+01,-3.360000000000000000e+03,2.416000000000000000e+03
5.700000000000000000e+01,-3.342000000000000000e+03,2.416000000000000000e+03
2.100000000000000000e+01,-3.344000000000000000e+03,2.416000000000000000e+03
5.100000000000000000e+01,-3.322000000000000000e+03,2.417000000000000000e+03
4.400000000000000000e+01,-3.339000000000000000e+03,2.429000000000000000e+03
5.000000000000000000e+01,-3.329000000000000000e+03,2.408000000000000000e+03
4.500000000000000000e+01,-3.327000000000000000e+03,2.424000000000000000e+03
4.200000000000000000e+01,-3.355000000000000000e+03,2.415000000000000000e+03
1.834000000000000000e+03,1.232000000000000000e+03,3.387000000000000000e+03
1.824000000000000000e+03,1.213000000000000000e+03,3.401000000000000000e+03
1.831000000000000000e+03,1.226000000000000000e+03,3.391000000000000000e+03
1.838000000000000000e+03,1.211000000000000000e+03,3.401000000000000000e+03
1.837000000000000000e+03,1.205000000000000000e+03,3.409000000000000000e+03
1.821000000000000000e+03,1.206000000000000000e+03,3.419000000000000000e+03
1.823000000000000000e+03,1.204000000000000000e+03,3.420000000000000000e+03
1.839000000000000000e+03,1.216000000000000000e+03,3.416000000000000000e+03
1.847000000000000000e+03,1.215000000000000000e+03,3.402000000000000000e+03
1.855000000000000000e+03,1.228000000000000000e+03,3.403000000000000000e+03
1.804000000000000000e+03,1.217000000000000000e+03,3.391000000000000000e+03
-1.179000000000000000e+03,1.444000000000000000e+03,3.576000000000000000e+03
-1.155000000000000000e+03,1.508000000000000000e+03,3.740000000000000000e+03
-1.185000000000000000e+03,1.384000000000000000e+03,3.721000000000000000e+03
-1.119000000000000000e+03,1.466000000000000000e+03,3.500000000000000000e+03
-1.188000000000000000e+03,1.366000000000000000e+03,3.313000000000000000e+03
-1.148000000000000000e+03,1.454000000000000000e+03,3.420000000000000000e+03
-1.316000000000000000e+03,1.392000000000000000e+03,3.699000000000000000e+03
-2.257000000000000000e+03,4.200000000000000000e+02,3.961000000000000000e+03
-2.237000000000000000e+03,8.510000000000000000e+02,4.128000000000000000e+03
-2.237000000000000000e+03,4.510000000000000000e+02,3.766000000000000000e+03
-2.218000000000000000e+03,1.080000000000000000e+02,3.270000000000000000e+03
-1.482000000000000000e+03,1.071000000000000000e+03,3.649000000000000000e+03
-1.482000000000000000e+03,1.089000000000000000e+03,3.620000000000000000e+03
-1.479000000000000000e+03,1.066000000000000000e+03,3.630000000000000000e+03
-1.500000000000000000e+03,1.080000000000000000e+03,3.640000000000000000e+03
-1.478000000000000000e+03,1.085000000000000000e+03,3.632000000000000000e+03
-1.486000000000000000e+03,1.080000000000000000e+03,3.646000000000000000e+03
-1.474000000000000000e+03,1.070000000000000000e+03,3.635000000000000000e+03
-1.480000000000000000e+03,1.072000000000000000e+03,3.654000000000000000e+03
-1.481000000000000000e+03,1.058000000000000000e+03,3.637000000000000000e+03
-1.468000000000000000e+03,1.065000000000000000e+03,3.621000000000000000e+03
-1.479000000000000000e+03,1.097000000000000000e+03,3.624000000000000000e+03
-2.762000000000000000e+03,1.490000000000000000e+02,3.016000000000000000e+03
-2.748000000000000000e+03,1.340000000000000000e+02,2.996000000000000000e+03
-2.773000000000000000e+03,1.260000000000000000e+02,3.006000000000000000e+03
-2.748000000000000000e+03,1.520000000000000000e+02,3.011000000000000000e+03
-2.740000000000000000e+03,1.450000000000000000e+02,3.013000000000000000e+03
-2.767000000000000000e+03,1.400000000000000000e+02,3.017000000000000000e+03
-2.739000000000000000e+03,1.190000000000000000e+02,2.999000000000000000e+03
-2.764000000000000000e+03,1.500000000000000000e+02,3.010000000000000000e+03
-2.751000000000000000e+03,1.440000000000000000e+02,3.003000000000000000e+03
-2.739000000000000000e+03,1.610000000000000000e+02,3.003000000000000000e+03
-2.738000000000000000e+03,1.470000000000000000e+02,3.019000000000000000e+03
-3.332000000000000000e+03,-6.460000000000000000e+02,2.302000000000000000e+03
-3.319000000000000000e+03,-6.760000000000000000e+02,2.289000000000000000e+03
-3.340000000000000000e+03,-6.430000000000000000e+02,2.293000000000000000e+03
-3.323000000000000000e+03,-6.730000000000000000e+02,2.303000000000000000e+03
-3.331000000000000000e+03,-6.750000000000000000e+02,2.306000000000000000e+03
-3.326000000000000000e+03,-6.300000000000000000e+02,2.307000000000000000e+03
-3.331000000000000000e+03,-6.540000000000000000e+02,2.300000000000000000e+03
-3.294000000000000000e+03,-6.480000000000000000e+02,2.304000000000000000e+03
-3.315000000000000000e+03,-6.630000000000000000e+02,2.314000000000000000e+03
-3.349000000000000000e+03,-6.530000000000000000e+02,2.317000000000000000e+03
-3.325000000000000000e+03,-6.640000000000000000e+02,2.295000000000000000e+03
-2.439000000000000000e+03,-2.593000000000000000e+03,2.082000000000000000e+03
-2.427000000000000000e+03,-2.584000000000000000e+03,2.091000000000000000e+03
-2.420000000000000000e+03,-2.609000000000000000e+03,2.100000000000000000e+03
-2.433000000000000000e+03,-2.606000000000000000e+03,2.091000000000000000e+03
-2.410000000000000000e+03,-2.595000000000000000e+03,2.100000000000000000e+03
-2.435000000000000000e+03,-2.616000000000000000e+03,2.097000000000000000e+03
-2.418000000000000000e+03,-2.603000000000000000e+03,2.089000000000000000e+03
-2.420000000000000000e+03,-2.597000000000000000e+03,2.094000000000000000e+03
-2.435000000000000000e+03,-2.597000000000000000e+03,2.099000000000000000e+03
-2.410000000000000000e+03,-2.632000000000000000e+03,2.082000000000000000e+03
-2.437000000000000000e+03,-2.608000000000000000e+03,2.089000000000000000e+03
-1.606000000000000000e+03,-3.647000000000000000e+03,1.050000000000000000e+03
-1.609000000000000000e+03,-3.663000000000000000e+03,1.043000000000000000e+03
-1.611000000000000000e+03,-3.677000000000000000e+03,1.056000000000000000e+03
-1.600000000000000000e+03,-3.671000000000000000e+03,1.056000000000000000e+03
-1.598000000000000000e+03,-3.653000000000000000e+03,1.050000000000000000e+03
-1.610000000000000000e+03,-3.678000000000000000e+03,1.066000000000000000e+03
-1.585000000000000000e+03,-3.657000000000000000e+03,1.053000000000000000e+03
-1.603000000000000000e+03,-3.674000000000000000e+03,1.068000000000000000e+03
-1.582000000000000000e+03,-3.649000000000000000e+03,1.083000000000000000e+03
-1.615000000000000000e+03,-3.678000000000000000e+03,1.079000000000000000e+03
-1.608000000000000000e+03,-3.678000000000000000e+03,1.055000000000000000e+03
-1.577000000000000000e+03,-1.929000000000000000e+03,3.247000000000000000e+03
-1.623000000000000000e+03,-1.941000000000000000e+03,3.268000000000000000e+03
-1.603000000000000000e+03,-1.934000000000000000e+03,3.230000000000000000e+03
-1.617000000000000000e+03,-1.939000000000000000e+03,3.228000000000000000e+03
-1.613000000000000000e+03,-1.922000000000000000e+03,3.242000000000000000e+03
-1.601000000000000000e+03,-1.970000000000000000e+03,3.249000000000000000e+03
-1.620000000000000000e+03,-1.941000000000000000e+03,3.228000000000000000e+03
-1.623000000000000000e+03,-1.953000000000000000e+03,3.252000000000000000e+03
-1.608000000000000000e+03,-1.948000000000000000e+03,3.216000000000000000e+03
-1.620000000000000000e+03,-1.965000000000000000e+03,3.249000000000000000e+03
-1.620000000000000000e+03,-1.924000000000000000e+03,3.245000000000000000e+03
-1.332000000000000000e+03,4.830000000000000000e+02,3.816000000000000000e+03
-1.357000000000000000e+03,4.680000000000000000e+02,3.818000000000000000e+03
-1.358000000000000000e+03,4.790000000000000000e+02,3.826000000000000000e+03
-1.347000000000000000e+03,4.790000000000000000e+02,3.833000000000000000e+03
-1.363000000000000000e+03,4.710000000000000000e+02,3.812000000000000000e+03
-1.346000000000000000e+03,4.710000000000000000e+02,3.821000000000000000e+03
-1.358000000000000000e+03,4.680000000000000000e+02,3.810000000000000000e+03
-1.350000000000000000e+03,4.620000000000000000e+02,3.812000000000000000e+03
-1.351000000000000000e+03,4.730000000000000000e+02,3.802000000000000000e+03
-1.346000000000000000e+03,4.960000000000000000e+02,3.812000000000000000e+03
-1.341000000000000000e+03,4.560000000000000000e+02,3.802000000000000000e+03
-8.010000000000000000e+02,2.179000000000000000e+03,3.306000000000000000e+03
-7.990000000000000000e+02,2.200000000000000000e+03,3.318000000000000000e+03
-8.180000000000000000e+02,2.176000000000000000e+03,3.303000000000000000e+03
-8.300000000000000000e+02,2.199000000000000000e+03,3.305000000000000000e+03
-8.010000000000000000e+02,2.200000000000000000e+03,3.317000000000000000e+03
-8.060000000000000000e+02,2.197000000000000000e+03,3.308000000000000000e+03
-8.260000000000000000e+02,2.167000000000000000e+03,3.310000000000000000e+03
-8.210000000000000000e+02,2.187000000000000000e+03,3.311000000000000000e+03
-8.430000000000000000e+02,2.174000000000000000e+03,3.307000000000000000e+03
-8.180000000000000000e+02,2.188000000000000000e+03,3.328000000000000000e+03
-8.300000000000000000e+02,2.173000000000000000e+03,3.309000000000000000e+03
2.900000000000000000e+01,3.011000000000000000e+03,2.639000000000000000e+03
-2.000000000000000000e+00,3.034000000000000000e+03,2.629000000000000000e+03
2.600000000000000000e+01,3.047000000000000000e+03,2.633000000000000000e+03
5.000000000000000000e+00,3.044000000000000000e+03,2.640000000000000000e+03
6.000000000000000000e+00,3.050000000000000000e+03,2.644000000000000000e+03
8.000000000000000000e+00,3.053000000000000000e+03,2.634000000000000000e+03
7.000000000000000000e+00,3.048000000000000000e+03,2.643000000000000000e+03
0.000000000000000000e+00,3.047000000000000000e+03,2.636000000000000000e+03
1.900000000000000000e+01,3.035000000000000000e+03,2.650000000000000000e+03
-4.000000000000000000e+00,3.059000000000000000e+03,2.646000000000000000e+03
6.000000000000000000e+00,3.054000000000000000e+03,2.649000000000000000e+03
-3.400000000000000000e+02,1.441000000000000000e+03,3.748000000000000000e+03
-3.250000000000000000e+02,1.415000000000000000e+03,3.765000000000000000e+03
-3.490000000000000000e+02,1.438000000000000000e+03,3.805000000000000000e+03
-3.650000000000000000e+02,1.395000000000000000e+03,3.795000000000000000e+03
-3.470000000000000000e+02,1.440000000000000000e+03,3.783000000000000000e+03
-3.600000000000000000e+02,1.427000000000000000e+03,3.788000000000000000e+03
-3.540000000000000000e+02,1.415000000000000000e+03,3.764000000000000000e+03
-3.460000000000000000e+02,1.414000000000000000e+03,3.791000000000000000e+03
-3.320000000000000000e+02,1.422000000000000000e+03,3.782000000000000000e+03
-3.470000000000000000e+02,1.419000000000000000e+03,3.791000000000000000e+03
-3.580000000000000000e+02,1.393000000000000000e+03,3.788000000000000000e+03
3.360000000000000000e+02,-1.230000000000000000e+02,4.060000000000000000e+03
3.160000000000000000e+02,-1.280000000000000000e+02,4.053000000000000000e+03
3.360000000000000000e+02,-1.220000000000000000e+02,4.062000000000000000e+03
3.400000000000000000e+02,-1.290000000000000000e+02,4.059000000000000000e+03
3.340000000000000000e+02,-1.340000000000000000e+02,4.086000000000000000e+03
3.390000000000000000e+02,-1.030000000000000000e+02,4.054000000000000000e+03
3.190000000000000000e+02,-1.210000000000000000e+02,4.058000000000000000e+03
3.490000000000000000e+02,-1.190000000000000000e+02,4.055000000000000000e+03
3.440000000000000000e+02,-1.140000000000000000e+02,4.063000000000000000e+03
3.480000000000000000e+02,-8.900000000000000000e+01,4.069000000000000000e+03
3.330000000000000000e+02,-1.150000000000000000e+02,4.051000000000000000e+03
1.840000000000000000e+03,-4.810000000000000000e+02,3.608000000000000000e+03
1.843000000000000000e+03,-4.810000000000000000e+02,3.586000000000000000e+03
1.819000000000000000e+03,-4.550000000000000000e+02,3.596000000000000000e+03
1.848000000000000000e+03,-4.860000000000000000e+02,3.602000000000000000e+03
1.837000000000000000e+03,-4.870000000000000000e+02,3.588000000000000000e+03
1.850000000000000000e+03,-4.810000000000000000e+02,3.606000000000000000e+03
1.837000000000000000e+03,-4.770000000000000000e+02,3.579000000000000000e+03
1.846000000000000000e+03,-5.010000000000000000e+02,3.584000000000000000e+03
1.828000000000000000e+03,-4.650000000000000000e+02,3.573000000000000000e+03
1.861000000000000000e+03,-5.010000000000000000e+02,3.573000000000000000e+03
1.830000000000000000e+03,-5.070000000000000000e+02,3.603000000000000000e+03
4.370000000000000000e+02,-3.241000000000000000e+03,2.515000000000000000e+03
4.370000000000000000e+02,-3.203000000000000000e+03,2.506000000000000000e+03
4.440000000000000000e+02,-3.259000000000000000e+03,2.536000000000000000e+03
4.280000000000000000e+02,-3.239000000000000000e+03,2.528000000000000000e+03
4.430000000000000000e+02,-3.232000000000000000e+03,2.521000000000000000e+03
4.240000000000000000e+02,-3.219000000000000000e+03,2.497000000000000000e+03
4.310000000000000000e+02,-3.229000000000000000e+03,2.474000000000000000e+03
4.280000000000000000e+02,-3.239000000000000000e+03,2.493000000000000000e+03
4.510000000000000000e+02,-3.238000000000000000e+03,2.513000000000000000e+03
4.490000000000000000e+02,-3.243000000000000000e+03,2.517000000000000000e+03
4.470000000000000000e+02,-3.212000000000000000e+03,2.525000000000000000e+03
7.770000000000000000e+02,-3.727000000000000000e+03,1.601000000000000000e+03
7.920000000000000000e+02,-3.764000000000000000e+03,1.588000000000000000e+03
8.040000000000000000e+02,-3.703000000000000000e+03,1.580000000000000000e+03
7.780000000000000000e+02,-3.723000000000000000e+03,1.605000000000000000e+03
7.870000000000000000e+02,-3.746000000000000000e+03,1.610000000000000000e+03
7.890000000000000000e+02,-3.705000000000000000e+03,1.577000000000000000e+03
8.000000000000000000e+02,-3.713000000000000000e+03,1.604000000000000000e+03
7.870000000000000000e+02,-3.722000000000000000e+03,1.601000000000000000e+03
7.700000000000000000e+02,-3.719000000000000000e+03,1.590000000000000000e+03
7.650000000000000000e+02,-3.735000000000000000e+03,1.598000000000000000e+03
7.950000000000000000e+02,-3.710000000000000000e+03,1.593000000000000000e+03
2.375000000000000000e+03,1.614000000000000000e+03,2.844000000000000000e+03
2.385000000000000000e+03,1.607000000000000000e+03,2.844000000000000000e+03
2.378000000000000000e+03,1.614000000000000000e+03,2.841000000000000000e+03
2.377000000000000000e+03,1.582000000000000000e+03,2.843000000000000000e+03
2.387000000000000000e+03,1.600000000000000000e+03,2.828000000000000000e+03
2.415000000000000000e+03,1.618000000000000000e+03,2.820000000000000000e+03
2.403000000000000000e+03,1.623000000000000000e+03,2.824000000000000000e+03
2.380000000000000000e+03,1.620000000000000000e+03,2.838000000000000000e+03
2.403000000000000000e+03,1.600000000000000000e+03,2.836000000000000000e+03
2.407000000000000000e+03,1.615000000000000000e+03,2.831000000000000000e+03
2.395000000000000000e+03,1.623000000000000000e+03,2.811000000000000000e+03
-2.926000000000000000e+03,-2.026000000000000000e+03,2.101000000000000000e+03
-2.902000000000000000e+03,-2.015000000000000000e+03,2.090000000000000000e+03
-2.921000000000000000e+03,-1.996000000000000000e+03,2.084000000000000000e+03
-2.912000000000000000e+03,-2.009000000000000000e+03,2.059000000000000000e+03
-2.945000000000000000e+03,-2.017000000000000000e+03,2.089000000000000000e+03
-2.898000000000000000e+03,-2.005000000000000000e+03,2.088000000000000000e+03
-2.914000000000000000e+03,-2.010000000000000000e+03,2.063000000000000000e+03
-2.929000000000000000e+03,-2.008000000000000000e+03,2.096000000000000000e+03
-2.916000000000000000e+03,-2.003000000000000000e+03,2.089000000000000000e+03
-2.936000000000000000e+03,-2.006000000000000000e+03,2.073000000000000000e+03
-2.940000000000000000e+03,-2.022000000000000000e+03,2.072000000000000000e+03
-1.680000000000000000e+03,6.060000000000000000e+02,3.682000000000000000e+03
-1.674000000000000000e+03,5.800000000000000000e+02,3.682000000000000000e+03
-1.676000000000000000e+03,5.930000000000000000e+02,3.663000000000000000e+03
-1.675000000000000000e+03,5.770000000000000000e+02,3.669000000000000000e+03
-1.670000000000000000e+03,6.130000000000000000e+02,3.674000000000000000e+03
-1.673000000000000000e+03,5.860000000000000000e+02,3.660000000000000000e+03
-1.657000000000000000e+03,5.950000000000000000e+02,3.693000000000000000e+03
-1.661000000000000000e+03,5.950000000000000000e+02,3.685000000000000000e+03
-1.656000000000000000e+03,5.820000000000000000e+02,3.674000000000000000e+03
-1.641000000000000000e+03,6.130000000000000000e+02,3.665000000000000000e+03
-1.625000000000000000e+03,5.950000000000000000e+02,3.663000000000000000e+03
-1.205000000000000000e+03,-2.708000000000000000e+03,2.884000000000000000e+03
-1.211000000000000000e+03,-2.719000000000000000e+03,2.865000000000000000e+03
-1.187000000000000000e+03,-2.697000000000000000e+03,2.852000000000000000e+03
-1.216000000000000000e+03,-2.698000000000000000e+03,2.886000000000000000e+03
-1.206000000000000000e+03,-2.681000000000000000e+03,2.863000000000000000e+03
-1.183000000000000000e+03,-2.702000000000000000e+03,2.867000000000000000e+03
-1.241000000000000000e+03,-2.695000000000000000e+03,2.884000000000000000e+03
-1.203000000000000000e+03,-2.704000000000000000e+03,2.878000000000000000e+03
-1.201000000000000000e+03,-2.695000000000000000e+03,2.868000000000000000e+03
-1.214000000000000000e+03,-2.702000000000000000e+03,2.876000000000000000e+03
-1.203000000000000000e+03,-2.680000000000000000e+03,2.890000000000000000e+03
-2.860000000000000000e+02,-4.055000000000000000e+03,8.450000000000000000e+02
-2.520000000000000000e+02,-4.025000000000000000e+03,8.670000000000000000e+02
-2.750000000000000000e+02,-4.054000000000000000e+03,8.710000000000000000e+02
-2.970000000000000000e+02,-4.031000000000000000e+03,8.450000000000000000e+02
-2.670000000000000000e+02,-4.052000000000000000e+03,8.280000000000000000e+02
-2.650000000000000000e+02,-4.053000000000000000e+03,8.120000000000000000e+02
-2.710000000000000000e+02,-4.028000000000000000e+03,8.390000000000000000e+02
-2.760000000000000000e+02,-4.054000000000000000e+03,8.740000000000000000e+02
-2.870000000000000000e+02,-4.050000000000000000e+03,8.560000000000000000e+02
-2.770000000000000000e+02,-4.021000000000000000e+03,8.350000000000000000e+02
-2.710000000000000000e+02,-4.056000000000000000e+03,8.320000000000000000e+02
-7.940000000000000000e+02,2.194000000000000000e+03,3.298000000000000000e+03
-7.890000000000000000e+02,2.223000000000000000e+03,3.277000000000000000e+03
-7.830000000000000000e+02,2.215000000000000000e+03,3.290000000000000000e+03
-7.940000000000000000e+02,2.212000000000000000e+03,3.287000000000000000e+03
-8.080000000000000000e+02,2.233000000000000000e+03,3.288000000000000000e+03
-7.520000000000000000e+02,2.229000000000000000e+03,3.281000000000000000e+03
-7.940000000000000000e+02,2.207000000000000000e+03,3.297000000000000000e+03
-7.660000000000000000e+02,2.235000000000000000e+03,3.285000000000000000e+03
-8.090000000000000000e+02,2.217000000000000000e+03,3.278000000000000000e+03
-7.710000000000000000e+02,2.219000000000000000e+03,3.301000000000000000e+03
-7.790000000000000000e+02,2.227000000000000000e+03,3.280000000000000000e+03
-6.550000000000000000e+02,3.481000000000000000e+03,1.943000000000000000e+03
-6.610000000000000000e+02,3.468000000000000000e+03,1.945000000000000000e+03
-6.650000000000000000e+02,3.482000000000000000e+03,1.935000000000000000e+03
-6.830000000000000000e+02,3.487000000000000000e+03,1.959000000000000000e+03
-6.360000000000000000e+02,3.470000000000000000e+03,1.924000000000000000e+03
-6.280000000000000000e+02,3.459000000000000000e+03,1.910000000000000000e+03
-6.980000000000000000e+02,3.485000000000000000e+03,1.938000000000000000e+03
-6.540000000000000000e+02,3.489000000000000000e+03,1.970000000000000000e+03
-6.580000000000000000e+02,3.500000000000000000e+03,1.962000000000000000e+03
-6.440000000000000000e+02,3.463000000000000000e+03,1.957000000000000000e+03
-6.760000000000000000e+02,3.495000000000000000e+03,1.917000000000000000e+03
-2.066000000000000000e+03,1.286000000000000000e+03,3.255000000000000000e+03
-2.073000000000000000e+03,1.280000000000000000e+03,3.275000000000000000e+03
-2.081000000000000000e+03,1.304000000000000000e+03,3.262000000000000000e+03
-2.080000000000000000e+03,1.313000000000000000e+03,3.257000000000000000e+03
-2.090000000000000000e+03,1.288000000000000000e+03,3.253000000000000000e+03
-2.072000000000000000e+03,1.289000000000000000e+03,3.251000000000000000e+03
-2.061000000000000000e+03,1.276000000000000000e+03,3.285000000000000000e+03
-2.094000000000000000e+03,1.295000000000000000e+03,3.245000000000000000e+03
-2.064000000000000000e+03,1.273000000000000000e+03,3.246000000000000000e+03
-2.051000000000000000e+03,1.292000000000000000e+03,3.260000000000000000e+03
-2.086000000000000000e+03,1.255000000000000000e+03,3.245000000000000000e+03
-1.038000000000000000e+03,-6.470000000000000000e+02,3.889000000000000000e+03
-1.049000000000000000e+03,-6.540000000000000000e+02,3.900000000000000000e+03
-1.045000000000000000e+03,-6.530000000000000000e+02,3.900000000000000000e+03
-1.040000000000000000e+03,-6.420000000000000000e+02,3.875000000000000000e+03
-1.045000000000000000e+03,-6.690000000000000000e+02,3.895000000000000000e+03
-1.036000000000000000e+03,-6.390000000000000000e+02,3.916000000000000000e+03
-1.061000000000000000e+03,-6.420000000000000000e+02,3.875000000000000000e+03
-1.048000000000000000e+03,-6.420000000000000000e+02,3.880000000000000000e+03
-1.023000000000000000e+03,-6.650000000000000000e+02,3.898000000000000000e+03
-1.037000000000000000e+03,-6.610000000000000000e+02,3.894000000000000000e+03
-1.035000000000000000e+03,-6.350000000000000000e+02,3.902000000000000000e+03
8.120000000000000000e+02,-2.698000000000000000e+03,2.983000000000000000e+03
8.240000000000000000e+02,-2.711000000000000000e+03,2.997000000000000000e+03
8.040000000000000000e+02,-2.699000000000000000e+03,2.985000000000000000e+03
8.190000000000000000e+02,-2.722000000000000000e+03,2.990000000000000000e+03
8.140000000000000000e+02,-2.721000000000000000e+03,3.002000000000000000e+03
8.300000000000000000e+02,-2.693000000000000000e+03,2.984000000000000000e+03
8.280000000000000000e+02,-2.704000000000000000e+03,2.992000000000000000e+03
8.040000000000000000e+02,-2.709000000000000000e+03,2.990000000000000000e+03
8.100000000000000000e+02,-2.710000000000000000e+03,2.993000000000000000e+03
8.220000000000000000e+02,-2.696000000000000000e+03,2.986000000000000000e+03
8.250000000000000000e+02,-2.688000000000000000e+03,2.975000000000000000e+03
2.729000000000000000e+03,-3.080000000000000000e+02,2.994000000000000000e+03
2.727000000000000000e+03,-3.220000000000000000e+02,2.973000000000000000e+03
2.715000000000000000e+03,-3.140000000000000000e+02,3.002000000000000000e+03
2.744000000000000000e+03,-2.950000000000000000e+02,2.981000000000000000e+03
2.725000000000000000e+03,-3.070000000000000000e+02,2.996000000000000000e+03
2.755000000000000000e+03,-3.030000000000000000e+02,2.969000000000000000e+03
2.730000000000000000e+03,-3.220000000000000000e+02,2.990000000000000000e+03
2.717000000000000000e+03,-3.090000000000000000e+02,2.981000000000000000e+03
2.734000000000000000e+03,-3.170000000000000000e+02,2.988000000000000000e+03
2.739000000000000000e+03,-3.210000000000000000e+02,2.999000000000000000e+03
2.742000000000000000e+03,-3.120000000000000000e+02,2.985000000000000000e+03
1.094000000000000000e+03,1.859000000000000000e+03,3.448000000000000000e+03
1.071000000000000000e+03,1.853000000000000000e+03,3.439000000000000000e+03
1.078000000000000000e+03,1.877000000000000000e+03,3.422000000000000000e+03
1.085000000000000000e+03,1.841000000000000000e+03,3.422000000000000000e+03
1.084000000000000000e+03,1.861000000000000000e+03,3.438000000000000000e+03
1.074000000000000000e+03,1.854000000000000000e+03,3.430000000000000000e+03
1.067000000000000000e+03,1.885000000000000000e+03,3.434000000000000000e+03
1.065000000000000000e+03,1.886000000000000000e+03,3.435000000000000000e+03
1.066000000000000000e+03,1.859000000000000000e+03,3.435000000000000000e+03
1.056000000000000000e+03,1.869000000000000000e+03,3.419000000000000000e+03
1.072000000000000000e+03,1.863000000000000000e+03,3.418000000000000000e+03
-2.111000000000000000e+03,-9.180000000000000000e+02,3.405000000000000000e+03
-2.093000000000000000e+03,-9.370000000000000000e+02,3.394000000000000000e+03
-2.098000000000000000e+03,-9.270000000000000000e+02,3.394000000000000000e+03
-2.108000000000000000e+03,-9.340000000000000000e+02,3.376000000000000000e+03
-2.115000000000000000e+03,-9.340000000000000000e+02,3.392000000000000000e+03
-2.113000000000000000e+03,-9.480000000000000000e+02,3.399000000000000000e+03
-2.094000000000000000e+03,-9.490000000000000000e+02,3.386000000000000000e+03
-2.083000000000000000e+03,-9.090000000000000000e+02,3.406000000000000000e+03
-2.109000000000000000e+03,-9.490000000000000000e+02,3.387000000000000000e+03
-2.096000000000000000e+03,-9.280000000000000000e+02,3.390000000000000000e+03
